7.413006490342716193e-02
7.413006490342716193e-02
7.413006490342716193e-02
7.413006490342716193e-02
7.413006490342716193e-02
7.413006490342716193e-02
7.413006490342716193e-02
7.413006490342716193e-02
7.413006490342716193e-02
7.413006490342716193e-02
7.413006490342716193e-02
7.413006490342716193e-02
7.413006490342716193e-02
7.413006490342716193e-02
7.413006490342716193e-02
7.413006490342716193e-02
7.413006490342716193e-02
7.413006490342716193e-02
7.413006490342716193e-02
7.413006490342716193e-02
7.413006490342716193e-02
7.413006490342716193e-02
8.442893981620158694e-02
8.442893981620158694e-02
8.442893981620158694e-02
8.442893981620158694e-02
8.442893981620158694e-02
8.442893981620158694e-02
8.442893981620158694e-02
8.442893981620158694e-02
8.442893981620158694e-02
8.442893981620158694e-02
8.442893981620158694e-02
8.442893981620158694e-02
8.442893981620158694e-02
8.442893981620158694e-02
8.442893981620158694e-02
8.442893981620158694e-02
8.442893981620158694e-02
8.442893981620158694e-02
9.321528117806329727e-02
9.321528117806329727e-02
9.321528117806329727e-02
9.321528117806329727e-02
9.321528117806329727e-02
9.321528117806329727e-02
9.321528117806329727e-02
9.321528117806329727e-02
9.321528117806329727e-02
9.321528117806329727e-02
9.321528117806329727e-02
9.321528117806329727e-02
9.321528117806329727e-02
9.321528117806329727e-02
1.001372413159652836e-01
1.001372413159652836e-01
1.001372413159652836e-01
1.001372413159652836e-01
1.001372413159652836e-01
1.001372413159652836e-01
1.001372413159652836e-01
1.001372413159652836e-01
1.001372413159652836e-01
1.001372413159652836e-01
1.049148357859575748e-01
1.049148357859575748e-01
1.049148357859575748e-01
1.049148357859575748e-01
1.049148357859575748e-01
1.049148357859575748e-01
1.073534900993713959e-01
1.073534900993713959e-01
