0.000000000000000000e+00
0.000000000000000000e+00
0.000000000000000000e+00
0.000000000000000000e+00
0.000000000000000000e+00
0.000000000000000000e+00
0.000000000000000000e+00
0.000000000000000000e+00
0.000000000000000000e+00
0.000000000000000000e+00
0.000000000000000000e+00
0.000000000000000000e+00
0.000000000000000000e+00
0.000000000000000000e+00
0.000000000000000000e+00
0.000000000000000000e+00
0.000000000000000000e+00
0.000000000000000000e+00
0.000000000000000000e+00
0.000000000000000000e+00
0.000000000000000000e+00
0.000000000000000000e+00
0.000000000000000000e+00
0.000000000000000000e+00
0.000000000000000000e+00
0.000000000000000000e+00
0.000000000000000000e+00
0.000000000000000000e+00
0.000000000000000000e+00
0.000000000000000000e+00
0.000000000000000000e+00
0.000000000000000000e+00
0.000000000000000000e+00
0.000000000000000000e+00
0.000000000000000000e+00
0.000000000000000000e+00
0.000000000000000000e+00
0.000000000000000000e+00
0.000000000000000000e+00
0.000000000000000000e+00
0.000000000000000000e+00
7.853981633974482790e-01
7.853981633974482790e-01
7.853981633974482790e-01
7.853981633974482790e-01
7.853981633974482790e-01
7.853981633974482790e-01
7.853981633974482790e-01
7.853981633974482790e-01
7.853981633974482790e-01
7.853981633974482790e-01
7.853981633974482790e-01
7.853981633974482790e-01
7.853981633974482790e-01
7.853981633974482790e-01
7.853981633974482790e-01
7.853981633974482790e-01
7.853981633974482790e-01
7.853981633974482790e-01
7.853981633974482790e-01
7.853981633974482790e-01
7.853981633974482790e-01
7.853981633974482790e-01
7.853981633974482790e-01
7.853981633974482790e-01
7.853981633974482790e-01
7.853981633974482790e-01
7.853981633974482790e-01
7.853981633974482790e-01
7.853981633974482790e-01
7.853981633974482790e-01
7.853981633974482790e-01
7.853981633974482790e-01
7.853981633974482790e-01
7.853981633974482790e-01
7.853981633974482790e-01
7.853981633974482790e-01
7.853981633974482790e-01
7.853981633974482790e-01
7.853981633974482790e-01
7.853981633974482790e-01
7.853981633974482790e-01
-5.235987755982988157e-01
-5.235987755982988157e-01
-5.235987755982988157e-01
-5.235987755982988157e-01
-5.235987755982988157e-01
-5.235987755982988157e-01
-5.235987755982988157e-01
-5.235987755982988157e-01
-5.235987755982988157e-01
-5.235987755982988157e-01
-5.235987755982988157e-01
-5.235987755982988157e-01
-5.235987755982988157e-01
-5.235987755982988157e-01
-5.235987755982988157e-01
-5.235987755982988157e-01
-5.235987755982988157e-01
-5.235987755982988157e-01
-5.235987755982988157e-01
-5.235987755982988157e-01
-5.235987755982988157e-01
-5.235987755982988157e-01
-5.235987755982988157e-01
-5.235987755982988157e-01
-5.235987755982988157e-01
-5.235987755982988157e-01
-5.235987755982988157e-01
-5.235987755982988157e-01
-5.235987755982988157e-01
-5.235987755982988157e-01
-5.235987755982988157e-01
-5.235987755982988157e-01
-5.235987755982988157e-01
-5.235987755982988157e-01
-5.235987755982988157e-01
-5.235987755982988157e-01
-5.235987755982988157e-01
-5.235987755982988157e-01
-5.235987755982988157e-01
-5.235987755982988157e-01
-5.235987755982988157e-01
0.000000000000000000e+00
-2.617993877991494078e-01
-2.617993877991494078e-01
-2.617993877991494078e-01
-2.617993877991494078e-01
-2.617993877991494078e-01
-2.617993877991494078e-01
-2.617993877991494078e-01
-2.617993877991494078e-01
-2.617993877991494078e-01
-2.617993877991494078e-01
-2.617993877991494078e-01
-2.617993877991494078e-01
-2.617993877991494078e-01
-2.617993877991494078e-01
-2.617993877991494078e-01
-2.617993877991494078e-01
-2.617993877991494078e-01
-2.617993877991494078e-01
-2.617993877991494078e-01
-2.617993877991494078e-01
-2.617993877991494078e-01
-2.617993877991494078e-01
-2.617993877991494078e-01
-2.617993877991494078e-01
-2.617993877991494078e-01
-2.617993877991494078e-01
-2.617993877991494078e-01
-2.617993877991494078e-01
-2.617993877991494078e-01
-2.617993877991494078e-01
-2.617993877991494078e-01
-2.617993877991494078e-01
-2.617993877991494078e-01
-2.617993877991494078e-01
-2.617993877991494078e-01
-2.617993877991494078e-01
-2.617993877991494078e-01
-2.617993877991494078e-01
-2.617993877991494078e-01
-2.617993877991494078e-01
-2.617993877991494078e-01
2.617993877991494078e-01
2.617993877991494078e-01
2.617993877991494078e-01
2.617993877991494078e-01
2.617993877991494078e-01
2.617993877991494078e-01
2.617993877991494078e-01
2.617993877991494078e-01
2.617993877991494078e-01
2.617993877991494078e-01
2.617993877991494078e-01
2.617993877991494078e-01
2.617993877991494078e-01
2.617993877991494078e-01
2.617993877991494078e-01
2.617993877991494078e-01
2.617993877991494078e-01
2.617993877991494078e-01
2.617993877991494078e-01
2.617993877991494078e-01
2.617993877991494078e-01
2.617993877991494078e-01
2.617993877991494078e-01
2.617993877991494078e-01
2.617993877991494078e-01
2.617993877991494078e-01
2.617993877991494078e-01
2.617993877991494078e-01
2.617993877991494078e-01
2.617993877991494078e-01
2.617993877991494078e-01
2.617993877991494078e-01
2.617993877991494078e-01
2.617993877991494078e-01
2.617993877991494078e-01
2.617993877991494078e-01
2.617993877991494078e-01
2.617993877991494078e-01
2.617993877991494078e-01
2.617993877991494078e-01
2.617993877991494078e-01
5.235987755982988157e-01
5.235987755982988157e-01
5.235987755982988157e-01
5.235987755982988157e-01
5.235987755982988157e-01
5.235987755982988157e-01
5.235987755982988157e-01
5.235987755982988157e-01
5.235987755982988157e-01
5.235987755982988157e-01
5.235987755982988157e-01
5.235987755982988157e-01
5.235987755982988157e-01
5.235987755982988157e-01
5.235987755982988157e-01
5.235987755982988157e-01
5.235987755982988157e-01
5.235987755982988157e-01
5.235987755982988157e-01
5.235987755982988157e-01
5.235987755982988157e-01
5.235987755982988157e-01
5.235987755982988157e-01
5.235987755982988157e-01
5.235987755982988157e-01
5.235987755982988157e-01
5.235987755982988157e-01
5.235987755982988157e-01
5.235987755982988157e-01
5.235987755982988157e-01
5.235987755982988157e-01
5.235987755982988157e-01
5.235987755982988157e-01
5.235987755982988157e-01
5.235987755982988157e-01
5.235987755982988157e-01
5.235987755982988157e-01
5.235987755982988157e-01
5.235987755982988157e-01
5.235987755982988157e-01
5.235987755982988157e-01
